28
27.77
28.76
29.4213
29.0607
30.59
31.3
31.72
30.9475
30.1
29.85
30.14
29.66
30.729
30.82
31.08
31.54
32.469
30.79
31.24
30.981
29.73
28.109
28.64
29.05
28.65
28.545
28.26
27.37
27.9075
28.5
28.32
28.93
28.462
27.283
27.13
27.27
27.39
26.87
27.25
27.78
27.72
27.52
27.4525
28.578
27.96
28.14
27.83
27.08
27.04
26.645
26.49
26.55
25.86
25.74
25.73
25.131
25.205
26.09
25.58
25.53
25.42
26.25
27.0725
27.39
26.849
26.59
27.57
28.0175
27.4
26.52
26.92
26.625
25.69
25.73
25.97
25.98
26.11
26.14
26.85
26.98
27.769
27.43
28.97
28.311
27.57
26.889
27.12
27.04
26.68
26.82
27.07
26.6
26.13
26.25
25.759
25.66
25.159
25.06
24.3125
24.1
23.32
24.55
24.348
23.848
23.52
22.899
22.97
23.291
24.33
24.03
23.77
23.73
23.63
24.022
24.21
24.309
23.9
24.53
23.935
24.25
24.16
24.66
24.88
24.81
24.41
24.52
24.37
24.71
25.48
25.8
25.81
25.91
26.28
26.32
26.65
26.18
25.881
26.045
26.13
26.51
34.359
34.01
35.43
37.627
36.8
37.489
38.05
39.189
38.55
38.87
38.54
38.5
38.22
37.019
36.65
36.56
37.08
37.81
38.41
38.32
38.55
40.55
41.34
39.64
40.548
41.28
41.294
41.87
41.78
42.66
43.95
44.04
43.6
45.04
44.75
44.31
42.51
45.07
45.23
45.98
47.49
47.19
48.45
49.46
50.39
51.24
50.23
50.42
50.28
49.183
51.04
50.515
47.14
46.77
49.05
49.11
49.51
49.5
51.135
52.21
54.22
53.85
52.675
51.9
52.445
51.95
50.229
49.395
49.01
50.205
49.75
48.22
50.105
49.12
47.56
47.53
46.2
46.605
48.71
48.99
49.01
45.83
46.36
46.43
46.7
46.23
44.82
45.89
46.49
47.01
47.06
46.73
48.62
48.34
47.94
48.84
50.245
49.38
51.83
53.32
53.81
54.86
55.57
55.05
55.12
57.77
57.96
57.73
55.44
53.71
54.649
54.71
54.557
57.2
57.92
58.23
57.22
57.94
55.91
57.74
57.6
57.19
56.3
58.51
57.51
56.63
54.45
53.55
55.14
53.53
61.08
62.57
61.48
62.75
62.19
62.16
64.32
63.548
64.851
64.45
67.33
67.09
67.3
68.06
69.63
68.59
70.78
69.85
69.26
68.94
68.46
